BOSS ZMAT generated by LigParGen2.1 (israel.cabezadevaca@yale.edu) 
   1 DUM   -1   -1    0    0.000000   0    0.000000   0    0.000000 MOL    1
   2 DUM   -1   -1    1    1.000000   0    0.000000   0    0.000000 MOL    1
   3 DUM   -1   -1    2    1.000000   1   90.000000   0    0.000000 MOL    1
   4 N      7    7    3    2.188654   2  140.879374   1 -121.376461 MOL    1
   5 S     16   16    4    1.778243   3   33.609850   2  153.531804 MOL    1
   6 S     16   16    4    1.779019   5  112.349553   3  -60.528696 MOL    1
   7 O      8    8    5    1.536387   4  106.205374   6   53.911380 MOL    1
   8 O      8    8    5    1.536086   4  106.110623   6  -55.007293 MOL    1
   9 O      8    8    6    1.535518   4  106.147299   5  -55.736542 MOL    1
  10 O      8    8    6    1.536204   4  106.259265   5   53.261733 MOL    1
  11 C      6    6    5    1.816752   4  116.106673   6  179.627363 MOL    1
  12 C      6    6    6    1.814573   4  116.088937   5  178.731465 MOL    1
  13 F      9    9   11    1.381225   5  109.617763   4  -87.033236 MOL    1
  14 F      9    9   11    1.381165   5  109.411608   4   32.991072 MOL    1
  15 F      9    9   11    1.382154   5  109.605491   4  152.843272 MOL    1
  16 F      9    9   12    1.381571   6  109.489214   4   55.593308 MOL    1
  17 F      9    9   12    1.382011   6  109.480800   4  175.499486 MOL    1
  18 F      9    9   12    1.381297   6  109.550140   4  -64.535323 MOL    1
                    Geometry Variations follow    (2I4,F12.6)
                    Variable Bonds follow         (I4)
   5                            
   6                            
   7                            
   8                            
   9                            
  10                            
  11                            
  12                            
  13                            
  14                            
  15                            
  16                            
  17                            
  18                            
                    Additional Bonds follow       (2I4)
                    Harmonic Constraints follow   (2I4,4F10.4)
                    Variable Bond Angles follow   (I4)
   6                         
   7                         
   8                         
   9                         
  10                         
  11                         
  12                         
  13                         
  14                         
  15                         
  16                         
  17                         
  18                         
                    Additional Bond Angles follow (3I4)
   7   5   8                               
   7   5  11                               
   8   5  11                               
   9   6  10                               
   9   6  12                               
  10   6  12                               
  13  11  14                               
  13  11  15                               
  14  11  15                               
  16  12  17                               
  16  12  18                               
  17  12  18                               
                    Variable Dihedrals follow     (3I4,F12.6)
   7  -1  -1    0.000000                         
   8  -1  -1    0.000000                         
   9  -1  -1    0.000000                         
  10  -1  -1    0.000000                         
  11  -1  -1    0.000000                         
  12  -1  -1    0.000000                         
  13  -1  -1    0.000000                         
  14  -1  -1    0.000000                         
  15  -1  -1    0.000000                         
  16  -1  -1    0.000000                         
  17  -1  -1    0.000000                         
  18  -1  -1    0.000000                         
                    Additional Dihedrals follow   (6I4)
   7   5  11  13  -1  -1                       
   7   5  11  14  -1  -1                       
   7   5  11  15  -1  -1                       
   8   5  11  13  -1  -1                       
   8   5  11  14  -1  -1                       
   8   5  11  15  -1  -1                       
   9   6  12  16  -1  -1                       
   9   6  12  17  -1  -1                       
   9   6  12  18  -1  -1                       
  10   6  12  16  -1  -1                       
  10   6  12  17  -1  -1                       
  10   6  12  18  -1  -1                       
                    Domain Definitions follow     (4I4)
                    Conformational Search (2I4,2F12.6)
                    Local Heating Residues follow (I4 or I4-I4)
                    Final blank line         
                                                                         
                                                                 
 Final Non-Bonded Parameters for QM (AM1 CM1Lx1.14) Atoms:               
                  
   7  0  0   0.000000  0.000000  0.000000                              
  16  0  0   0.000000  0.000000  0.000000                              
  16  0  0   0.000000  0.000000  0.000000                              
   8  0  0   0.000000  0.000000  0.000000                              
   8  0  0   0.000000  0.000000  0.000000                              
   8  0  0   0.000000  0.000000  0.000000                              
   8  0  0   0.000000  0.000000  0.000000                              
   6  0  0   0.000000  0.000000  0.000000                              
   6  0  0   0.000000  0.000000  0.000000                              
   9  0  0   0.000000  0.000000  0.000000                              
   9  0  0   0.000000  0.000000  0.000000                              
   9  0  0   0.000000  0.000000  0.000000                              
   9  0  0   0.000000  0.000000  0.000000                              
   9  0  0   0.000000  0.000000  0.000000                              
   9  0  0   0.000000  0.000000  0.000000                              
                      
